Date,Notes,Words this session,Total Words
01-04-2021,,1532,1532
02-04-2021,,2521,4053
02-04-2021,,51,4104
03-04-2021,,316,4420
03-04-2021,,69,4489
03-04-2021,,148,4637
04-04-2021,,371,5008
05-04-2021,,174,5182
06-04-2021,,527,5709